1586418067.298839, 5495, 7352
1586418068.298839, 5494, 7351
1586418069.298839, 5494, 7349
1586418070.298839, 5494, 7348
1586418071.298839, 5493, 7347
1586418072.298839, 5493, 7345
1586418073.298839, 5493, 7344
1586418074.298839, 5492, 7342
1586418075.298839, 5492, 7341
1586418076.298839, 5492, 7340
1586418077.298839, 5491, 7338
1586418078.298839, 5491, 7337
1586418079.298839, 5490, 7335
1586418080.298839, 5490, 7334
1586418081.298839, 5490, 7333
1586418082.298839, 5489, 7331
1586418083.298839, 5489, 7330
1586418084.298839, 5489, 7329
1586418085.298839, 5488, 7327
1586418086.298839, 5488, 7326
1586418087.298839, 5488, 7324
1586418088.298839, 5487, 7323
1586418089.298839, 5487, 7321
1586418090.298839, 5486, 7320
1586418091.298839, 5486, 7319
1586418092.298839, 5486, 7317
1586418093.298839, 5485, 7316
1586418094.298839, 5485, 7314
1586418095.298839, 5485, 7313
1586418096.298839, 5484, 7312
1586418097.298839, 5484, 7310
1586418098.298839, 5483, 7309
1586418099.298839, 5483, 7307
1586418100.298839, 5483, 7306
1586418101.298839, 5482, 7304
1586418102.298839, 5482, 7303
1586418103.298839, 5481, 7301
1586418104.298839, 5481, 7300
1586418105.298839, 5481, 7299
1586418106.298839, 5480, 7297
1586418107.298839, 5480, 7296
1586418108.298839, 5479, 7294
1586418109.298839, 5479, 7293
1586418110.298839, 5479, 7291
1586418111.298839, 5478, 7290
1586418112.298839, 5478, 7288
1586418113.298839, 5477, 7287
1586418114.298839, 5477, 7286
1586418115.298839, 5477, 7284
1586418116.298839, 5476, 7283
1586418117.298839, 5476, 7281
1586418118.298839, 5475, 7280
1586418119.298839, 5475, 7278
1586418120.298839, 5475, 7277
1586418121.298839, 5474, 7275
1586418122.298839, 5474, 7274
1586418123.298839, 5473, 7272
1586418124.298839, 5473, 7271
1586418125.298839, 5472, 7269
1586418126.298839, 5472, 7268
1586418127.298839, 5472, 7266
1586418128.298839, 5471, 7265
1586418129.298839, 5471, 7263
1586418130.298839, 5470, 7262
1586418131.298839, 5470, 7260
1586418132.298839, 5469, 7259
1586418133.298839, 5469, 7257
1586418134.298839, 5469, 7256
1586418135.298839, 5468, 7254
1586418136.298839, 5468, 7253
1586418137.298839, 5467, 7251
1586418138.298839, 5467, 7250
1586418139.298839, 5466, 7248
1586418140.298839, 5466, 7247
1586418141.298839, 5465, 7245
1586418142.298839, 5465, 7244
1586418143.298839, 5465, 7242
1586418144.298839, 5464, 7241
1586418145.298839, 5464, 7239
1586418146.298839, 5463, 7238
1586418147.298839, 5463, 7236
1586418148.298839, 5462, 7235
1586418149.298839, 5462, 7233
1586418150.298839, 5461, 7232
1586418151.298839, 5461, 7230
1586418152.298839, 5460, 7229
1586418153.298839, 5460, 7227
1586418154.298839, 5459, 7225
1586418155.298839, 5459, 7224
1586418156.298839, 5459, 7222
1586418157.298839, 5458, 7221
1586418158.298839, 5458, 7219
1586418159.298839, 5457, 7218
1586418160.298839, 5457, 7216
1586418161.298839, 5456, 7215
1586418162.298839, 5456, 7213
1586418163.298839, 5455, 7211
1586418164.298839, 5455, 7210
1586418165.298839, 5454, 7208
1586418166.298839, 5454, 7207
1586418167.298839, 5453, 7205
1586418168.298839, 5453, 7204
1586418169.298839, 5452, 7202
1586418170.298839, 5452, 7200
1586418171.298839, 5451, 7199
1586418172.298839, 5451, 7197
1586418173.298839, 5450, 7196
1586418174.298839, 5450, 7194
1586418175.298839, 5449, 7192
1586418176.298839, 5449, 7191
1586418177.298839, 5448, 7189
1586418178.298839, 5448, 7188
1586418179.298839, 5447, 7186
1586418180.298839, 5447, 7184
1586418181.298839, 5446, 7183
1586418182.298839, 5446, 7181
1586418183.298839, 5445, 7180
1586418184.298839, 5445, 7178
1586418185.298839, 5444, 7176
1586418186.298839, 5444, 7175
1586418187.298839, 5443, 7173
1586418188.298839, 5442, 7171
1586418189.298839, 5442, 7170
1586418190.298839, 5441, 7168
1586418191.298839, 5441, 7167
1586418192.298839, 5440, 7165
1586418193.298839, 5440, 7163
1586418194.298839, 5439, 7162
1586418195.298839, 5439, 7160
1586418196.298839, 5438, 7158
1586418197.298839, 5438, 7157
1586418198.298839, 5437, 7155
1586418199.298839, 5436, 7153
1586418200.298839, 5436, 7152
1586418201.298839, 5435, 7150
1586418202.298839, 5435, 7148
1586418203.298839, 5434, 7147
1586418204.298839, 5434, 7145
1586418205.298839, 5433, 7143
1586418206.298839, 5433, 7142
1586418207.298839, 5432, 7140
1586418208.298839, 5431, 7138
1586418209.298839, 5431, 7137
1586418210.298839, 5430, 7135
1586418211.298839, 5430, 7133
1586418212.298839, 5429, 7131
1586418213.298839, 5428, 7130
1586418214.298839, 5428, 7128
1586418215.298839, 5427, 7126
1586418216.298839, 5427, 7125
1586418217.298839, 5426, 7123
1586418218.298839, 5426, 7121
1586418219.298839, 5425, 7120
1586418220.298839, 5424, 7118
1586418221.298839, 5424, 7116
1586418222.298839, 5423, 7114
1586418223.298839, 5422, 7113
1586418224.298839, 5422, 7111
1586418225.298839, 5421, 7109
1586418226.298839, 5421, 7107
1586418227.298839, 5420, 7106
1586418228.298839, 5419, 7104
1586418229.298839, 5419, 7102
1586418230.298839, 5418, 7100
1586418231.298839, 5418, 7099
1586418232.298839, 5417, 7097
1586418233.298839, 5416, 7095
1586418234.298839, 5416, 7093
1586418235.298839, 5415, 7092
1586418236.298839, 5414, 7090
1586418237.298839, 5414, 7088
1586418238.298839, 5413, 7086
1586418239.298839, 5412, 7085
1586418240.298839, 5412, 7083
1586418241.298839, 5411, 7081
1586418242.298839, 5410, 7079
1586418243.298839, 5410, 7077
1586418244.298839, 5409, 7076
1586418245.298839, 5408, 7074
1586418246.298839, 5408, 7072
1586418247.298839, 5407, 7070
1586418248.298839, 5406, 7068
1586418249.298839, 5406, 7067
1586418250.298839, 5405, 7065
1586418251.298839, 5404, 7063
1586418252.298839, 5404, 7061
1586418253.298839, 5403, 7059
1586418254.298839, 5402, 7057
1586418255.298839, 5402, 7056
1586418256.298839, 5401, 7054
1586418257.298839, 5400, 7052
1586418258.298839, 5400, 7050
1586418259.298839, 5399, 7048
1586418260.298839, 5398, 7046
1586418261.298839, 5397, 7045
1586418262.298839, 5397, 7043
1586418263.298839, 5396, 7041
1586418264.298839, 5395, 7039
1586418265.298839, 5395, 7037
1586418266.298839, 5394, 7035
1586418267.298839, 5393, 7033
1586418268.298839, 5392, 7031
1586418269.298839, 5392, 7030
1586418270.298839, 5391, 7028
1586418271.298839, 5390, 7026
1586418272.298839, 5389, 7024
1586418273.298839, 5389, 7022
1586418274.298839, 5388, 7020
1586418275.298839, 5387, 7018
1586418276.298839, 5386, 7016
1586418277.298839, 5386, 7014
1586418278.298839, 5385, 7012
1586418279.298839, 5384, 7011
1586418280.298839, 5383, 7009
1586418281.298839, 5383, 7007
1586418282.298839, 5382, 7005
1586418283.298839, 5381, 7003
1586418284.298839, 5380, 7001
1586418285.298839, 5379, 6999
1586418286.298839, 5379, 6997
1586418287.298839, 5378, 6995
1586418288.298839, 5377, 6993
1586418289.298839, 5376, 6991
1586418290.298839, 5375, 6989
1586418291.298839, 5375, 6987
1586418292.298839, 5374, 6985
1586418293.298839, 5373, 6983
1586418294.298839, 5372, 6981
1586418295.298839, 5371, 6979
1586418296.298839, 5371, 6977
1586418297.298839, 5370, 6975
1586418298.298839, 5369, 6973
1586418299.298839, 5368, 6971
1586418300.298839, 5367, 6969
1586418301.298839, 5366, 6967
1586418302.298839, 5365, 6965
1586418303.298839, 5365, 6963
1586418304.298839, 5364, 6961
1586418305.298839, 5363, 6959
1586418306.298839, 5362, 6957
1586418307.298839, 5361, 6955
1586418308.298839, 5360, 6953
1586418309.298839, 5359, 6951
1586418310.298839, 5359, 6949
1586418311.298839, 5358, 6947
1586418312.298839, 5357, 6945
1586418313.298839, 5356, 6943
1586418314.298839, 5355, 6941
1586418315.298839, 5354, 6939
1586418316.298839, 5353, 6937
1586418317.298839, 5352, 6935
1586418318.298839, 5351, 6932
1586418319.298839, 5350, 6930
1586418320.298839, 5350, 6928
1586418321.298839, 5349, 6926
1586418322.298839, 5348, 6924
1586418323.298839, 5347, 6922
1586418324.298839, 5346, 6920
1586418325.298839, 5345, 6918
1586418326.298839, 5344, 6916
1586418327.298839, 5343, 6914
1586418328.298839, 5342, 6911
1586418329.298839, 5341, 6909
1586418330.298839, 5340, 6907
1586418331.298839, 5339, 6905
1586418332.298839, 5338, 6903
1586418333.298839, 5337, 6901
1586418334.298839, 5336, 6899
1586418335.298839, 5335, 6896
1586418336.298839, 5334, 6894
1586418337.298839, 5333, 6892
1586418338.298839, 5332, 6890
1586418339.298839, 5331, 6888
1586418340.298839, 5330, 6886
1586418341.298839, 5329, 6883
1586418342.298839, 5328, 6881
1586418343.298839, 5327, 6879
1586418344.298839, 5326, 6877
1586418345.298839, 5325, 6875
1586418346.298839, 5324, 6872
1586418347.298839, 5323, 6870
1586418348.298839, 5322, 6868
1586418349.298839, 5321, 6866
1586418350.298839, 5320, 6863
1586418351.298839, 5319, 6861
1586418352.298839, 5318, 6859
1586418353.298839, 5317, 6857
1586418354.298839, 5315, 6854
1586418355.298839, 5314, 6852
1586418356.298839, 5313, 6850
1586418357.298839, 5312, 6848
1586418358.298839, 5311, 6845
1586418359.298839, 5310, 6843
1586418360.298839, 5309, 6841
1586418361.298839, 5308, 6839
1586418362.298839, 5307, 6836
1586418363.298839, 5305, 6834
1586418364.298839, 5304, 6832
1586418365.298839, 5303, 6829
1586418366.298839, 5302, 6827
1586418367.298839, 5301, 6825
1586418368.298839, 5300, 6822
1586418369.298839, 5299, 6820
1586418370.298839, 5297, 6818
1586418371.298839, 5296, 6815
1586418372.298839, 5295, 6813
1586418373.298839, 5294, 6811
1586418374.298839, 5293, 6808
1586418375.298839, 5291, 6806
1586418376.298839, 5290, 6804
1586418377.298839, 5289, 6801
1586418378.298839, 5288, 6799
1586418379.298839, 5287, 6796
1586418380.298839, 5285, 6794
1586418381.298839, 5284, 6792
1586418382.298839, 5283, 6789
1586418383.298839, 5282, 6787
1586418384.298839, 5280, 6784
1586418385.298839, 5279, 6782
1586418386.298839, 5278, 6780
1586418387.298839, 5277, 6777
1586418388.298839, 5275, 6775
1586418389.298839, 5274, 6772
1586418390.298839, 5273, 6770
1586418391.298839, 5271, 6767
1586418392.298839, 5270, 6765
1586418393.298839, 5269, 6762
1586418394.298839, 5267, 6760
1586418395.298839, 5266, 6757
1586418396.298839, 5265, 6755
1586418397.298839, 5263, 6752
1586418398.298839, 5262, 6750
1586418399.298839, 5261, 6747
1586418400.298839, 5259, 6745
1586418401.298839, 5258, 6742
1586418402.298839, 5256, 6740
1586418403.298839, 5255, 6737
1586418404.298839, 5254, 6735
1586418405.298839, 5252, 6732
1586418406.298839, 5251, 6730
1586418407.298839, 5249, 6727
1586418408.298839, 5248, 6725
1586418409.298839, 5247, 6722
1586418410.298839, 5245, 6719
1586418411.298839, 5244, 6717
1586418412.298839, 5242, 6714
1586418413.298839, 5241, 6712
1586418414.298839, 5239, 6709
1586418415.298839, 5238, 6707
1586418416.298839, 5236, 6704
1586418417.298839, 5235, 6701
1586418418.298839, 5233, 6699
1586418419.298839, 5232, 6696
1586418420.298839, 5230, 6693
1586418421.298839, 5229, 6691
1586418422.298839, 5227, 6688
1586418423.298839, 5225, 6685
1586418424.298839, 5224, 6683
1586418425.298839, 5222, 6680
1586418426.298839, 5221, 6677
1586418427.298839, 5219, 6675
1586418428.298839, 5218, 6672
1586418429.298839, 5216, 6669
1586418430.298839, 5214, 6667
1586418431.298839, 5213, 6664
1586418432.298839, 5211, 6661
1586418433.298839, 5209, 6659
1586418434.298839, 5208, 6656
1586418435.298839, 5206, 6653
1586418436.298839, 5204, 6650
1586418437.298839, 5203, 6648
1586418438.298839, 5201, 6645
1586418439.298839, 5199, 6642
1586418440.298839, 5198, 6639
1586418441.298839, 5196, 6637
1586418442.298839, 5194, 6634
1586418443.298839, 5192, 6631
1586418444.298839, 5191, 6628
1586418445.298839, 5189, 6625
1586418446.298839, 5187, 6623
1586418447.298839, 5185, 6620
1586418448.298839, 5183, 6617
1586418449.298839, 5182, 6614
1586418450.298839, 5180, 6611
1586418451.298839, 5178, 6608
1586418452.298839, 5176, 6606
1586418453.298839, 5174, 6603
1586418454.298839, 5172, 6600
1586418455.298839, 5171, 6597
1586418456.298839, 5169, 6594
1586418457.298839, 5167, 6591
1586418458.298839, 5165, 6588
1586418459.298839, 5163, 6585
1586418460.298839, 5161, 6582
1586418461.298839, 5159, 6580
1586418462.298839, 5157, 6577
1586418463.298839, 5155, 6574
1586418464.298839, 5153, 6571
1586418465.298839, 5151, 6568
1586418466.298839, 5149, 6565
1586418467.298839, 5147, 6562
1586418468.298839, 5145, 6559
1586418469.298839, 5143, 6556
1586418470.298839, 5141, 6553
1586418471.298839, 5139, 6550
1586418472.298839, 5137, 6547
1586418473.298839, 5135, 6544
1586418474.298839, 5132, 6541
1586418475.298839, 5130, 6538
1586418476.298839, 5128, 6535
1586418477.298839, 5126, 6532
1586418478.298839, 5124, 6529
1586418479.298839, 5122, 6526
1586418480.298839, 5119, 6523
1586418481.298839, 5117, 6520
1586418482.298839, 5115, 6517
1586418483.298839, 5113, 6514
1586418484.298839, 5111, 6510
1586418485.298839, 5108, 6507
1586418486.298839, 5106, 6504
1586418487.298839, 5104, 6501
1586418488.298839, 5101, 6498
1586418489.298839, 5099, 6495
1586418490.298839, 5097, 6492
1586418491.298839, 5094, 6489
1586418492.298839, 5092, 6485
1586418493.298839, 5090, 6482
1586418494.298839, 5087, 6479
1586418495.298839, 5085, 6476
1586418496.298839, 5082, 6473
1586418497.298839, 5080, 6470
1586418498.298839, 5077, 6466
1586418499.298839, 5075, 6463
1586418500.298839, 5072, 6460
1586418501.298839, 5070, 6457
1586418502.298839, 5067, 6454
1586418503.298839, 5065, 6450
1586418504.298839, 5062, 6447
1586418505.298839, 5060, 6444
1586418506.298839, 5057, 6441
1586418507.298839, 5054, 6437
1586418508.298839, 5052, 6434
1586418509.298839, 5049, 6431
1586418510.298839, 5046, 6428
1586418511.298839, 5044, 6424
1586418512.298839, 5041, 6421
1586418513.298839, 5038, 6418
1586418514.298839, 5035, 6414
1586418515.298839, 5033, 6411
1586418516.298839, 5030, 6408
1586418517.298839, 5027, 6404
1586418518.298839, 5024, 6401
1586418519.298839, 5021, 6398
1586418520.298839, 5018, 6394
1586418521.298839, 5015, 6391
1586418522.298839, 5012, 6388
1586418523.298839, 5010, 6384
1586418524.298839, 5007, 6381
1586418525.298839, 5004, 6378
1586418526.298839, 5001, 6374
1586418527.298839, 4998, 6371
1586418528.298839, 4994, 6367
1586418529.298839, 4991, 6364
1586418530.298839, 4988, 6361
1586418531.298839, 4985, 6357
1586418532.298839, 4982, 6354
1586418533.298839, 4979, 6350
1586418534.298839, 4976, 6347
1586418535.298839, 4972, 6343
1586418536.298839, 4969, 6340
1586418537.298839, 4966, 6336
1586418538.298839, 4963, 6333
1586418539.298839, 4959, 6330
1586418540.298839, 4956, 6326
1586418541.298839, 4953, 6323
1586418542.298839, 4949, 6319
1586418543.298839, 4946, 6316
1586418544.298839, 4942, 6312
1586418545.298839, 4939, 6309
1586418546.298839, 4935, 6305
1586418547.298839, 4932, 6301
1586418548.298839, 4928, 6298
1586418549.298839, 4925, 6294
1586418550.298839, 4921, 6291
1586418551.298839, 4918, 6287
1586418552.298839, 4914, 6284
1586418553.298839, 4910, 6280
1586418554.298839, 4907, 6277
1586418555.298839, 4903, 6273
1586418556.298839, 4899, 6269
1586418557.298839, 4895, 6266
1586418558.298839, 4891, 6262
1586418559.298839, 4888, 6259
1586418560.298839, 4884, 6255
1586418561.298839, 4880, 6251
1586418562.298839, 4876, 6248
1586418563.298839, 4872, 6244
1586418564.298839, 4868, 6241
1586418565.298839, 4864, 6237
1586418566.298839, 4860, 6233
1586418567.298839, 4856, 6230
1586418568.298839, 4851, 6226
1586418569.298839, 4847, 6222
1586418570.298839, 4843, 6219
1586418571.298839, 4839, 6215
1586418572.298839, 4835, 6212
1586418573.298839, 4830, 6208
1586418574.298839, 4826, 6204
1586418575.298839, 4822, 6201
1586418576.298839, 4817, 6197
1586418577.298839, 4813, 6193
1586418578.298839, 4808, 6190
1586418579.298839, 4804, 6186
1586418580.298839, 4799, 6182
1586418581.298839, 4795, 6178
1586418582.298839, 4790, 6175
1586418583.298839, 4785, 6171
1586418584.298839, 4781, 6167
1586418585.298839, 4776, 6164
1586418586.298839, 4771, 6160
1586418587.298839, 4766, 6156
1586418588.298839, 4761, 6153
1586418589.298839, 4756, 6149
1586418590.298839, 4752, 6145
1586418591.298839, 4747, 6141
1586418592.298839, 4742, 6138
1586418593.298839, 4736, 6134
1586418594.298839, 4731, 6130
1586418595.298839, 4726, 6127
1586418596.298839, 4721, 6123
1586418597.298839, 4716, 6119
1586418598.298839, 4710, 6115
1586418599.298839, 4705, 6112
1586418600.298839, 4700, 6108
1586418601.298839, 4694, 6104
1586418602.298839, 4689, 6101
1586418603.298839, 4683, 6097
1586418604.298839, 4678, 6093
1586418605.298839, 4672, 6090
1586418606.298839, 4667, 6086
1586418607.298839, 4661, 6082
1586418608.298839, 4655, 6078
1586418609.298839, 4649, 6075
1586418610.298839, 4644, 6071
1586418611.298839, 4638, 6067
1586418612.298839, 4632, 6064
1586418613.298839, 4626, 6060
1586418614.298839, 4620, 6056
1586418615.298839, 4614, 6053
1586418616.298839, 4607, 6049
1586418617.298839, 4601, 6045
1586418618.298839, 4595, 6042
1586418619.298839, 4589, 6038
1586418620.298839, 4582, 6034
1586418621.298839, 4576, 6031
1586418622.298839, 4569, 6027
1586418623.298839, 4563, 6023
1586418624.298839, 4556, 6020
1586418625.298839, 4550, 6016
1586418626.298839, 4543, 6012
1586418627.298839, 4536, 6009
1586418628.298839, 4529, 6005
1586418629.298839, 4523, 6002
1586418630.298839, 4516, 5998
1586418631.298839, 4509, 5994
1586418632.298839, 4502, 5991
1586418633.298839, 4495, 5987
1586418634.298839, 4487, 5984
1586418635.298839, 4480, 5980
1586418636.298839, 4473, 5977
1586418637.298839, 4466, 5973
1586418638.298839, 4458, 5970
1586418639.298839, 4451, 5966
1586418640.298839, 4443, 5963
1586418641.298839, 4436, 5959
1586418642.298839, 4428, 5956
1586418643.298839, 4420, 5952
1586418644.298839, 4412, 5949
1586418645.298839, 4405, 5945
1586418646.298839, 4397, 5942
1586418647.298839, 4389, 5938
1586418648.298839, 4381, 5935
1586418649.298839, 4373, 5932
1586418650.298839, 4364, 5928
1586418651.298839, 4356, 5925
1586418652.298839, 4348, 5922
1586418653.298839, 4339, 5918
1586418654.298839, 4331, 5915
1586418655.298839, 4323, 5912
1586418656.298839, 4314, 5908
1586418657.298839, 4305, 5905
1586418658.298839, 4297, 5902
1586418659.298839, 4288, 5899
1586418660.298839, 4279, 5896
1586418661.298839, 4270, 5892
1586418662.298839, 4261, 5889
1586418663.298839, 4252, 5886
1586418664.298839, 4243, 5883
1586418665.298839, 4233, 5880
1586418666.298839, 4224, 5877
1586418667.298839, 4215, 5874
1586418668.298839, 4205, 5871
1586418669.298839, 4196, 5868
1586418670.298839, 4186, 5865
1586418671.298839, 4177, 5862
1586418672.298839, 4167, 5859
1586418673.298839, 4157, 5856
1586418674.298839, 4147, 5853
1586418675.298839, 4137, 5850
1586418676.298839, 4127, 5848
1586418677.298839, 4117, 5845
1586418678.298839, 4107, 5842
1586418679.298839, 4097, 5839
1586418680.298839, 4087, 5837
1586418681.298839, 4076, 5834
1586418682.298839, 4066, 5831
1586418683.298839, 4055, 5829
1586418684.298839, 4045, 5826
1586418685.298839, 4034, 5824
1586418686.298839, 4023, 5821
1586418687.298839, 4013, 5819
1586418688.298839, 4002, 5816
1586418689.298839, 3991, 5814
1586418690.298839, 3980, 5812
1586418691.298839, 3969, 5809
1586418692.298839, 3958, 5807
1586418693.298839, 3946, 5805
1586418694.298839, 3935, 5802
1586418695.298839, 3924, 5800
1586418696.298839, 3912, 5798
1586418697.298839, 3901, 5796
1586418698.298839, 3889, 5794
1586418699.298839, 3878, 5792
1586418700.298839, 3866, 5790
1586418701.298839, 3854, 5788
1586418702.298839, 3843, 5786
1586418703.298839, 3831, 5784
1586418704.298839, 3819, 5782
1586418705.298839, 3807, 5781
1586418706.298839, 3795, 5779
1586418707.298839, 3783, 5777
1586418708.298839, 3771, 5775
1586418709.298839, 3758, 5774
1586418710.298839, 3746, 5772
1586418711.298839, 3734, 5771
1586418712.298839, 3722, 5769
1586418713.298839, 3709, 5768
1586418714.298839, 3697, 5766
1586418715.298839, 3684, 5765
1586418716.298839, 3672, 5764
1586418717.298839, 3659, 5762
1586418718.298839, 3647, 5761
1586418719.298839, 3634, 5760
1586418720.298839, 3621, 5759
1586418721.298839, 3608, 5758
1586418722.298839, 3596, 5757
1586418723.298839, 3583, 5756
1586418724.298839, 3570, 5755
1586418725.298839, 3557, 5754
1586418726.298839, 3544, 5753
1586418727.298839, 3531, 5753
1586418728.298839, 3518, 5752
1586418729.298839, 3505, 5751
1586418730.298839, 3492, 5750
1586418731.298839, 3479, 5750
1586418732.298839, 3466, 5749
1586418733.298839, 3453, 5749
1586418734.298839, 3440, 5749
1586418735.298839, 3427, 5748
1586418736.298839, 3414, 5748
1586418737.298839, 3401, 5748
1586418738.298839, 3388, 5747
1586418739.298839, 3375, 5747
1586418740.298839, 3362, 5747
1586418741.298839, 3348, 5747
1586418742.298839, 3335, 5747
1586418743.298839, 3322, 5747
1586418744.298839, 3309, 5747
1586418745.298839, 3296, 5747
1586418746.298839, 3283, 5747
1586418747.298839, 3270, 5748
1586418748.298839, 3256, 5748
1586418749.298839, 3243, 5748
1586418750.298839, 3230, 5749
1586418751.298839, 3217, 5749
1586418752.298839, 3204, 5750
1586418753.298839, 3191, 5750
1586418754.298839, 3178, 5751
1586418755.298839, 3165, 5751
1586418756.298839, 3152, 5752
1586418757.298839, 3139, 5753
1586418758.298839, 3126, 5754
1586418759.298839, 3113, 5755
1586418760.298839, 3101, 5755
1586418761.298839, 3088, 5756
1586418762.298839, 3075, 5757
1586418763.298839, 3062, 5758
1586418764.298839, 3049, 5760
1586418765.298839, 3037, 5761
1586418766.298839, 3024, 5762
1586418767.298839, 3012, 5763
1586418768.298839, 2999, 5764
1586418769.298839, 2987, 5766
1586418770.298839, 2974, 5767
1586418771.298839, 2962, 5769
1586418772.298839, 2949, 5770
1586418773.298839, 2937, 5772
1586418774.298839, 2925, 5773
1586418775.298839, 2912, 5775
1586418776.298839, 2900, 5776
1586418777.298839, 2888, 5778
1586418778.298839, 2876, 5780
1586418779.298839, 2864, 5782
1586418780.298839, 2852, 5783
1586418781.298839, 2840, 5785
1586418782.298839, 2829, 5787
1586418783.298839, 2817, 5789
1586418784.298839, 2805, 5791
1586418785.298839, 2793, 5793
1586418786.298839, 2782, 5795


